40 500
14 25
2 35
0 20
11 21
0 33
20 24
20 29
16 36
6 36
13 36
8 18
8 21
34 35
17 33
6 31
18 20
26 31
15 20
15 29
26 35
5 37
33 35
10 20
25 38
21 27
24 37
14 27
22 32
0 39
16 30
0 11
4 38
7 31
5 23
0 14
6 34
13 38
31 34
4 12
18 26
18 35
2 27
0 31
2 7
0 36
3 13
19 29
5 18
9 12
24 27
7 15
5 34
5 12
28 34
32 38
0 2
12 23
0 10
6 28
2 32
5 17
21 33
17 39
24 34
17 37
4 35
1 32
20 21
4 37
13 30
0 26
35 39
19 35
0 21
2 8
12 18
8 24
31 39
18 19
4 21
14 31
5 6
22 31
14 36
9 30
1 34
0 23
3 28
36 37
4 31
16 18
21 29
7 29
4 39
2 29
14 21
4 24
13 28
20 30
25 35
3 30
3 8
1 2
9 36
25 28
22 29
28 32
10 13
1 16
25 29
24 32
27 31
19 23
18 25
12 13
9 32
32 35
1 29
7 20
1 6
11 37
4 32
13 20
11 13
5 13
24 35
23 31
8 36
3 32
10 31
17 20
14 18
28 35
19 22
15 35
14 37
7 22
25 37
24 39
2 31
3 26
3 18
26 30
19 26
15 22
17 29
28 37
18 30
25 30
9 26
17 24
13 33
3 6
34 36
30 37
22 38
9 13
2 17
7 36
22 39
4 9
27 29
2 21
25 31
4 29
4 18
20 31
14 15
26 33
15 36
11 22
11 19
15 33
1 24
0 5
3 27
16 37
5 36
3 29
20 36
23 24
17 22
31 38
12 35
19 21
3 34
21 35
0 17
14 29
3 22
4 28
12 27
34 38
0 16
14 16
23 35
3 16
30 39
18 31
15 39
21 28
14 34
3 37
10 37
18 29
35 38
10 16
38 39
20 28
13 31
2 9
19 27
8 16
11 16
5 28
2 6
10 17
11 14
13 15
8 35
9 19
12 24
7 34
10 32
7 13
12 31
27 39
23 26
22 35
5 25
23 27
24 33
12 25
7 24
17 23
9 37
0 1
8 32
0 37
1 31
21 32
2 3
12 26
19 34
11 28
29 35
7 14
10 22
16 22
10 25
27 33
10 29
10 14
1 35
17 26
4 17
12 34
18 34
5 21
3 39
11 30
24 25
9 29
2 37
10 33
1 19
5 30
11 23
10 12
23 28
24 30
28 31
21 22
10 27
2 13
22 30
18 23
6 14
0 4
1 28
18 24
36 39
10 24
16 25
11 31
16 28
17 18
9 15
3 4
17 19
9 31
29 39
8 17
12 17
2 16
0 29
28 33
8 14
24 36
8 12
19 31
12 16
32 33
3 19
23 25
19 24
6 9
0 28
6 27
22 23
4 36
2 24
1 20
10 38
16 34
16 27
6 10
19 39
5 14
18 39
18 37
17 28
11 26
11 33
21 36
30 32
9 27
20 34
5 38
6 38
20 38
8 26
24 28
2 18
6 25
1 27
14 20
14 23
4 19
12 29
1 33
9 11
6 26
6 8
15 17
5 16
9 28
7 18
5 31
26 38
24 38
24 31
9 17
16 24
3 33
17 31
29 36
11 34
27 35
12 21
30 35
9 39
29 34
12 30
7 37
7 8
7 19
11 17
1 14
30 38
33 36
5 15
10 26
19 38
10 30
35 37
10 35
15 30
11 39
31 36
5 26
7 21
33 39
22 34
7 30
22 26
8 31
12 32
26 28
13 16
9 23
13 17
6 17
5 27
15 23
23 29
0 25
14 39
18 27
30 33
11 12
10 18
2 26
7 10
31 33
15 21
10 28
6 30
6 21
29 33
3 12
20 26
13 19
0 19
7 38
27 34
3 20
15 37
33 38
7 32
13 35
16 35
4 33
2 4
3 11
2 38
17 35
0 30
37 39
12 15
23 36
9 35
1 26
1 11
33 37
1 21
3 25
25 39
21 25
33 34
6 18
16 23
11 29
14 33
12 20
10 39
12 33
9 20
4 23
3 9
17 30
2 12
29 30
3 21
12 37
25 32
5 39
3 14
6 32
7 17
11 36
17 27
10 19
5 9
4 5
30 36
4 10
16 19
6 37
4 16
1 36
2 33
3 17
13 26
13 32
13 14
4 22
21 26
0 3
5 11
0 6
23 39
28 39
2 36
20 27
14 24
11 27
6 20
34 37
3 36
12 36
5 19
1 25
7 25
7 9
9 14
14 17
13 29
19 36
23 32
